85,52
85,51
85,50
85,49
85,48
85,47
85,46
85,45
85,44
85,43
85,42
85,41
85,40
85,39
85,38
85,37
85,36
85,35
10,146
10,292
10,86
10,254
10,290
10,252
10,2
10,3
11,20
9,7
9,4
9,1
9,6
9,2
9,3
8,13
8,6
8,18
8,5
8,7
8,15
82,3
82,2
82,1
82,0
72,7
72,6
72,5
72,4
72,3
72,2
72,1
72,0
20,2
20,3
20,1
12,3
12,2
12,1
11,27
11,26
11,25
11,24
11,23
11,21
11,19
11,18
19,2
11,16
11,15
11,14
11,13
11,12
11,11
11,10
11,9
19,1
11,8
11,7
11,6
11,5
11,4
11,3
19,3
11,2
11,1
10,304
10,301
10,298
10,295
10,291
10,288
10,285
10,280
10,275
10,273
10,271
10,264
10,261
10,251
10,245
10,241
10,239
10,231
10,208
10,201
10,199
10,194
10,175
10,173
10,172
10,167
10,163
10,161
10,159
10,147
10,132
10,129
10,127
10,120
10,116
